-1, 0;
0, 8.020833;
1, 8.59375;
2, 9.023438;
3, 9.453125;
4, 10.3125;
5, 11.028646;
6, 11.458333;
7, 11.601563;
8, 12.03125;
9, 13.75;
10, 14.179688;
11, 15.46875;
12, 16.041667;
13, 17.1875;
14, 18.046875;
15, 18.90625;
16, 20.625;
17, 22.057292;
18, 22.916667;
19, 23.203125;
20, 24.0625;
21, 27.5;
22, 28.359375;
23, 30.9375;
24, 32.083333;
25, 34.375;
26, 36.09375;
27, 37.8125;
28, 41.25;
29, 44.114583;
30, 45.833333;
31, 46.40625;
32, 48.125;
33, 55.;
34, 56.71875;
35, 61.875;
36, 64.1666667;
37, 68.75;
38, 72.1875;
39, 75.625;
40, 82.5;
41, 88.229167;
42, 91.666667;
43, 92.8125;
44, 96.25;
45, 110.;
46, 113.4375;
47, 123.75;
48, 128.333333;
49, 137.5;
50, 144.375;
51, 151.25;
52, 165.;
53, 176.458333;
54, 183.333333;
55, 185.625;
56, 192.5;
57, 220.;
58, 226.875;
59, 247.5;
60, 256.666667;
61, 275.;
62, 288.75;
63, 302.5;
64, 330.;
65, 352.916667;
66, 366.666667;
67, 371.25;
68, 385.;
69, 440.;
70, 453.75;
71, 495.;
72, 513.333333;
73, 550.;
74, 577.5;
75, 605.;
76, 660.;
77, 705.833333;
78, 733.333333;
79, 742.5;
80, 770.;
81, 880.;
82, 907.5;
83, 990.;
84, 1026.666667;
85, 1100.;
86, 1155.;
87, 1210.;
88, 1320.;
89, 1411.666667;
90, 1466.666667;
91, 1485.;
92, 1540.;
93, 1760.;
94, 1815.;
95, 1980.;
96, 2053.333333;
97, 2200.;
98, 2310.;
99, 2420.;
100, 2640.;
101, 2823.333333;
102, 2933.333333;
103, 2970.;
104, 3080.;
105, 3520.;
106, 3630.;
107, 3960.;
108, 4106.666667;
109, 4400.;
110, 4620.;
111, 4840.;
112, 5280.;
113, 5646.666667;
114, 5866.666667;
115, 5940.;
116, 6160.;
117, 7040.;
118, 7260.;
119, 7920.;
120, 8213.333333;
121, 8800.;
122, 9240.;
123, 9680.;
124, 10560.;
125, 11293.333333;
126, 11733.333333;
127, 11880.;
