0, 8.0208333;
1, 8.5937500;
2, 9.0234375;
3, 9.4531250;
4, 10.3125000;
5, 11.0286458;
6, 11.4583333;
7, 11.6015625;
8, 12.0312500;
9, 13.7500000;
10, 14.1796875;
11, 15.4687500;
12, 16.0416667;
13, 17.1875000;
14, 18.0468750;
15, 18.9062500;
16, 20.6250000;
17, 22.0572917;
18, 22.9166667;
19, 23.2031250;
20, 24.0625000;
21, 27.5000000;
22, 28.3593750;
23, 30.9375000;
24, 32.0833333;
25, 34.3750000;
26, 36.0937500;
27, 37.8125000;
28, 41.2500000;
29, 44.1145833;
30, 45.8333333;
31, 46.4062500;
32, 48.1250000;
33, 55.0000000;
34, 56.7187500;
35, 61.8750000;
36, 64.1666667;
37, 68.7500000;
38, 72.1875000;
39, 75.6250000;
40, 82.5000000;
41, 88.2291667;
42, 91.6666667;
43, 92.8125000;
44, 96.2500000;
45, 110.0000000;
46, 113.4375000;
47, 123.7500000;
48, 128.3333333;
49, 137.5000000;
50, 144.3750000;
51, 151.2500000;
52, 165.0000000;
53, 176.4583333;
54, 183.3333333;
55, 185.6250000;
56, 192.5000000;
57, 220.0000000;
58, 226.8750000;
59, 247.5000000;
60, 256.6666667;
61, 275.0000000;
62, 288.7500000;
63, 302.5000000;
64, 330.0000000;
65, 352.9166667;
66, 366.6666667;
67, 371.2500000;
68, 385.0000000;
69, 440.0000000;
70, 453.7500000;
71, 495.0000000;
72, 513.3333333;
73, 550.0000000;
74, 577.5000000;
75, 605.0000000;
76, 660.0000000;
77, 705.8333333;
78, 733.3333333;
79, 742.5000000;
80, 770.0000000;
81, 880.0000000;
82, 907.5000000;
83, 990.0000000;
84, 1026.6666667;
85, 1100.0000000;
86, 1155.0000000;
87, 1210.0000000;
88, 1320.0000000;
89, 1411.6666667;
90, 1466.6666667;
91, 1485.0000000;
92, 1540.0000000;
93, 1760.0000000;
94, 1815.0000000;
95, 1980.0000000;
96, 2053.3333333;
97, 2200.0000000;
98, 2310.0000000;
99, 2420.0000000;
100, 2640.0000000;
101, 2823.3333333;
102, 2933.3333333;
103, 2970.0000000;
104, 3080.0000000;
105, 3520.0000000;
106, 3630.0000000;
107, 3960.0000000;
108, 4106.6666667;
109, 4400.0000000;
110, 4620.0000000;
111, 4840.0000000;
112, 5280.0000000;
113, 5646.6666667;
114, 5866.6666667;
115, 5940.0000000;
116, 6160.0000000;
117, 7040.0000000;
118, 7260.0000000;
119, 7920.0000000;
120, 8213.3333333;
121, 8800.0000000;
122, 9240.0000000;
123, 9680.0000000;
124, 10560.0000000;
125, 11293.3333333;
126, 11733.3333333;
127, 11880.0000000;
